,Fragment_0,Fragment_1,Fragment_2,Fragment_3,Fragment_4,Fragment_5,Fragment_6,Fragment_7,Fragment_8,Fragment_9,Fragment_10,Fragment_11,Fragment_12,Fragment_13,Fragment_14,Fragment_15,Fragment_16,Fragment_17,Fragment_18,Fragment_19,Fragment_20,Fragment_21,Fragment_22,Fragment_23,Fragment_24,Fragment_25,Fragment_26,Fragment_27,Fragment_28,Fragment_29,Fragment_30,Fragment_31,Fragment_32,Fragment_33,Fragment_34,Fragment_35,Fragment_36,Fragment_37,Fragment_38,Fragment_39,Fragment_40,Fragment_41,Fragment_42,Fragment_43,Fragment_44,Fragment_45,Fragment_46,Fragment_47,Fragment_48,Fragment_49,Fragment_50,Fragment_51,Fragment_52,Fragment_53,Fragment_54,Fragment_55,Fragment_56,Fragment_57,Fragment_58,Fragment_59,Fragment_60,Fragment_61,Fragment_62,Fragment_63,Fragment_64,Fragment_65
Fragment_0,1.0000000000000002,0.7791737365004908,0.6657308881820184,0.6985494960859165,0.7091231372413125,0.7859052725665052,0.7493643660171067,0.5817870512639399,0.6796605349585096,0.6842965563699546,0.5698149602552737,0.5804906256860043,0.5934961254867664,0.6486824509601561,0.5818310762256816,0.4802630677543607,0.6428248161718585,0.42610390070858695,0.5222001171196246,0.5900336527124603,0.5686754219784038,0.6210833347447364,0.5792926631663208,0.6071339817303061,0.5751487187953666,0.5375075711911986,0.5221423352718346,0.5268993355907823,0.5129143261550987,0.4473672088007148,0.41905878242960626,0.4015557775973506,0.7581560154429352,0.6861110814035795,0.502154862920811,0.5388232592541554,0.4195664921054174,0.6299566193216224,0.633414362046849,0.6577163153485949,0.6758434739663401,0.7636038072666987,0.581887656318388,0.6146876817190801,0.6241961109907151,0.4932942760594045,0.5061795985092865,0.5664553154868479,0.550512113429424,0.47955647444584043,0.5233620955283955,0.5581493877697292,0.5137365896948748,0.48896895173234467,0.36625868413181045,0.5252869696229242,0.6593442348440675,0.604530035434027,0.70137271542837,0.5844239101046818,0.5131379583548222,0.6590275904631892,0.7315032423231296,0.6632954020145134,0.665444158446179,0.6241921128582217
Fragment_1,0.7791737365004908,1.0000000000000002,0.5950358693381832,0.6584465763391477,0.6909651629233262,0.7765113622966832,0.7229507743536743,0.4416048700816835,0.6397071019106317,0.709784772382242,0.4660742413681787,0.5290866606736548,0.5744512677387784,0.7159629429187149,0.6691564128821816,0.6130197259277356,0.6981808400270121,0.3714743356246428,0.5205312390775556,0.6484640572612372,0.6731075323857634,0.698148642804141,0.6640697634191729,0.67989212684863,0.5977949145976537,0.6441947208200448,0.5929459561915805,0.5916897863734206,0.6751703321187076,0.5960701589949797,0.5608828011282828,0.49120346140560833,0.8084468835726732,0.7086587149475434,0.4355125407491453,0.6331383466654704,0.5281148124867389,0.6098812068972197,0.7974681156629376,0.7605525982378022,0.6332013753004891,0.7081159904521319,0.4894376406076855,0.5870059787577329,0.629448191925664,0.5372426395281877,0.5510548142308213,0.6200871368514986,0.539091257665557,0.6084465584488833,0.6636823748846223,0.6222122970037889,0.55687913885674,0.5823479301328591,0.42985286240245163,0.5787149191892047,0.7097180182599762,0.4564405857430592,0.5497439249411825,0.44072559710922443,0.385429693828475,0.6176706752536087,0.7109200867399282,0.5304143838559486,0.545180375879518,0.6240540182030785
Fragment_2,0.6657308881820184,0.5950358693381832,1.0000000000000002,0.8005253303618108,0.7747103190752896,0.7121332302784001,0.5976597046375018,0.5331975293118016,0.709804009948162,0.6470075078476372,0.6828146499852452,0.7207848138154906,0.6289595192139877,0.5438405680702355,0.4651645310726831,0.4026296669675065,0.5305623566849337,0.5165878819609083,0.5922335680230968,0.5214174031994363,0.5267833410450593,0.5282943271421257,0.49582202524355173,0.48420570600086166,0.4927328286039604,0.4274232123380713,0.4411035222930585,0.5216491278703453,0.4418025163387223,0.4160331581351308,0.3943303349825027,0.39818811110852304,0.6205568880258325,0.6567551401557911,0.5403902520763088,0.4951161656713752,0.4339437889805429,0.6001269558044118,0.45002950824346133,0.5175368708783699,0.6150029789570699,0.6433132173363351,0.6534531557031936,0.6284061101280195,0.6258784014212951,0.44040921510562203,0.4493455742514915,0.5462591687223932,0.4664467008684763,0.3565988119552158,0.41627043864607016,0.4831376027471615,0.5562525358615678,0.43274390639491994,0.3710442015269023,0.46468504143955086,0.4145120944514128,0.6210480857670624,0.7215221849932284,0.5741313160348737,0.5189461368603849,0.6722968356855348,0.547144524691233,0.7141610642657261,0.6883675457493816,0.529099665787035
Fragment_3,0.6985494960859165,0.6584465763391477,0.8005253303618108,1.0000000000000004,0.8504274142179279,0.7624374993504617,0.6501826996340837,0.5697044280731287,0.7075245300719083,0.6481963648403289,0.6438590384253098,0.7126938906992866,0.6329221961515515,0.6118381705086063,0.48844682342430706,0.44516564107066325,0.5406866239935474,0.5107475253536079,0.5776921863963801,0.5631330504848683,0.5820665721760024,0.4920879993998171,0.4835902811327024,0.4710991650852238,0.47871876890091175,0.42343531898386294,0.3787792447584118,0.4761007093256834,0.4605549556953708,0.4448560600454354,0.4035917139592326,0.39828553851744736,0.6900593531126588,0.6543497407018777,0.45571914987029816,0.4841737685112102,0.4066711084022334,0.578091003368944,0.515353505554045,0.5659195821158528,0.610180408747996,0.6788622591342738,0.6184761973170785,0.5995884282289079,0.6361116352780902,0.533879675481904,0.47646856911920693,0.49560105908803825,0.4436239616175354,0.39041678348828707,0.4584486905106801,0.501182877334961,0.5938946940948876,0.46274085974694773,0.33150014643109743,0.451744411563171,0.47227679874999406,0.5548667110169749,0.694700293211542,0.5438189237222375,0.47726716210093734,0.6712641293226543,0.5718466971460496,0.6720168581863328,0.6761964209462196,0.555069346924604
Fragment_4,0.7091231372413125,0.6909651629233262,0.7747103190752896,0.8504274142179279,1.0000000000000007,0.8127957082795328,0.6276543665669717,0.5278032917293987,0.7325419423441958,0.6795522700962856,0.5897677434356458,0.655617613032671,0.6338607673581852,0.7029730405726615,0.573737135356178,0.5123623386552726,0.5738973863541662,0.4394902875453952,0.5473705377751835,0.5828536699648633,0.5915937373758073,0.5619583809214843,0.5453097442780884,0.567115786845743,0.4934861969771897,0.4774398797536921,0.42256910560259,0.4553631535722966,0.4618964205332234,0.42917683354629566,0.4121087906352119,0.3565130070178566,0.7077034710018305,0.7361866491269443,0.4543476589897514,0.4731116480056405,0.39802626495884696,0.5632718265922032,0.553987101878358,0.563463977095444,0.6148910610071162,0.7107347954061999,0.583245456135281,0.5560071485401566,0.5844299780989719,0.5014462547469573,0.43391811070494823,0.4888306357057968,0.4674930728567189,0.4331641948970019,0.4756810345976682,0.45228466002010537,0.5754826909932096,0.44530609847095964,0.2956619141186423,0.4283893327546261,0.5118492622885461,0.4984080289931263,0.6541383639897576,0.5174526372434731,0.43420945632903,0.6194584045245299,0.5508675483496613,0.611999362820327,0.6084910833580288,0.5272796025552233
Fragment_5,0.7859052725665052,0.7765113622966832,0.7121332302784001,0.7624374993504617,0.8127957082795328,1.0000000000000004,0.7609264578150977,0.5420920968959787,0.7465512274338042,0.7242792435900443,0.6205387790543092,0.6522835688434331,0.6322374076462862,0.6803567482448925,0.5401148845304535,0.4890688140227998,0.5872772765684993,0.45779695504350204,0.5854062691218135,0.5837210133167463,0.5594010217095401,0.571920458139539,0.5941524847138553,0.5530041851383464,0.49614395668940153,0.5392164692779461,0.47480371607643634,0.4558181363549286,0.48729435773364554,0.47047040914875454,0.4524863877885135,0.38046965295670365,0.8008875058272782,0.7898660560794855,0.46438011471986484,0.5194695689848974,0.4161359589084768,0.5793472844277562,0.5893159458447715,0.6179407177168869,0.6393503815858773,0.7501912508490047,0.6119248418217584,0.6009951483964939,0.5554160001861088,0.4308914497848933,0.4332192536729507,0.4982702791316105,0.44523135531406344,0.47409846008073736,0.5410800828056989,0.48522656086145965,0.6054001139834468,0.4778121000437519,0.33169723919770056,0.4956542522053499,0.5978901651188361,0.5323873404222073,0.664495265204546,0.509825195269588,0.4818847576663572,0.6309877122829186,0.5966679683251606,0.6102106180201351,0.6208015258140435,0.5976111419189354
Fragment_6,0.7493643660171067,0.7229507743536743,0.5976597046375018,0.6501826996340837,0.6276543665669717,0.7609264578150977,1.0000000000000004,0.6674746452651764,0.6485407537467675,0.6774437392439095,0.6189326895156982,0.6156076703742269,0.6255360510700803,0.6173824067249996,0.5078533193717917,0.4441166485769147,0.5864108561064051,0.5012961000963281,0.6115190620216959,0.6072839058703663,0.5922007060990696,0.5565496514680279,0.5307772203119362,0.5058314582721469,0.5271087339345306,0.5385582406367921,0.4789596605859505,0.5374005211217258,0.5625992698033018,0.5408204337768971,0.5283638544001017,0.47711753902589454,0.739184465270334,0.7225863417825398,0.533503269420001,0.5811743968637878,0.5203796746980897,0.6005306800655404,0.6110819756692473,0.6549978723070766,0.6500594351524958,0.7112601792515065,0.6208002788900108,0.6522164431593194,0.5854350236452955,0.4459352162141849,0.4711120329553914,0.4611401078071193,0.45314493991862104,0.4755719250932178,0.5704556348092952,0.5375456530232923,0.5625026118052088,0.5518396585491492,0.4204910735137184,0.5979944835602381,0.6741281973366067,0.6439805164325008,0.6242794451562913,0.5614124474202737,0.5654849857942444,0.6527244391547218,0.6372469895045648,0.6270671070992202,0.6321729704484694,0.6496998947626149
Fragment_7,0.5817870512639399,0.4416048700816835,0.5331975293118016,0.5697044280731287,0.5278032917293987,0.5420920968959787,0.6674746452651764,0.9999999999999992,0.7165919343699908,0.5444825683049936,0.5613704315311349,0.5803976157305606,0.4949225595454981,0.469927917271503,0.34910943369261915,0.27234406126851096,0.45790532320661986,0.5032041626790911,0.5444192690386328,0.465226342360523,0.4690352520271803,0.47412540808239517,0.34994485042959644,0.37904897979475943,0.4129735534903877,0.3532495647178568,0.3793456019527567,0.5322760153440511,0.45903603415678795,0.4418881791506515,0.4633928040278085,0.4618779203937043,0.5227455876162859,0.5491221758035087,0.582546327597645,0.5219411338681267,0.4894513564715353,0.5178791689480919,0.36858294026373617,0.5506414272723883,0.6210390899345551,0.5517497571597629,0.5871020943499161,0.5253334076830515,0.49641014154027374,0.3250335919100244,0.42274398398192026,0.4064986708354931,0.3905024961874642,0.29683048161708414,0.38813473989871083,0.4728268652334092,0.5110251209910763,0.4535524181601493,0.41564333650263285,0.5115693028574495,0.49744475026337226,0.6773587651928452,0.6314667945263127,0.6009824270482882,0.5257632849949075,0.6033199045762769,0.5293305982966421,0.6560057169981078,0.6610051232766544,0.5700947903279862
Fragment_8,0.6796605349585096,0.6397071019106317,0.709804009948162,0.7075245300719083,0.7325419423441958,0.7465512274338042,0.6485407537467675,0.7165919343699908,1.0000000000000007,0.8081055545908828,0.7058429636631892,0.6816938789078906,0.6407812882175964,0.6986998350726801,0.5083723839414568,0.4444119337477828,0.554187174586729,0.5367438219433017,0.6353494109601635,0.5781440729820227,0.5311985899672419,0.5771287607745794,0.5267529327555502,0.5708774348518346,0.5053264117580707,0.4816363035625727,0.48136550069001893,0.5632057622125076,0.5571572228660477,0.5098884161718579,0.49178605161845107,0.46066761314815957,0.6892690190625108,0.730065805474074,0.5548581886886287,0.5754599608952742,0.5220541961208981,0.6283737515262198,0.4801925204603968,0.6069283070954536,0.7415821823110836,0.6980108874019006,0.6447866188352162,0.6148996490540449,0.600134335107956,0.42513094663041767,0.4636270162241073,0.5237641813710959,0.4839809712726477,0.4286881860582887,0.5164173970637235,0.5581842984789157,0.6455144452883276,0.49183341914666934,0.3949073217881333,0.5065500941952215,0.5228290886757839,0.566818273438988,0.6818887347694171,0.6360982869363573,0.5812078972406947,0.6767307089396893,0.564332495943345,0.6831612795871274,0.6652218612208689,0.622202105301963
Fragment_9,0.6842965563699546,0.709784772382242,0.6470075078476372,0.6481963648403289,0.6795522700962856,0.7242792435900443,0.6774437392439095,0.5444825683049936,0.8081055545908828,0.9999999999999998,0.6478337276365413,0.6044008158931014,0.6267312930567701,0.6908431122351569,0.5400307382335893,0.5146031159229235,0.6083594201831404,0.48298423436069987,0.6056952908182954,0.6412169335193529,0.5841581623291131,0.5980425382645161,0.5846995217365143,0.579898055981679,0.5312649949387865,0.5407516564685814,0.5204537417956803,0.5818351695859821,0.5909020372568011,0.5186396131903807,0.49331676071411934,0.4359866259376634,0.7257189790443431,0.7183945069850474,0.4742559838044672,0.5475556881922413,0.4979694080552016,0.5892331888609584,0.5734894320382209,0.6105062247622849,0.702604472400695,0.7076107435159849,0.5943765095535227,0.6285147892008147,0.6103483878544456,0.45877917467488855,0.4692898728853744,0.534234428871693,0.47232185970748725,0.5006399176850181,0.572513419149658,0.5824220706996688,0.5508171630406435,0.4906204507708271,0.39921397466523467,0.49785806996847837,0.5378919439430319,0.48868003160621465,0.604859515192626,0.5480614413332651,0.5457206140280533,0.6698002442856597,0.6051630319935224,0.5996571998729724,0.602912071957396,0.6238856938064192
Fragment_10,0.5698149602552737,0.4660742413681787,0.6828146499852452,0.6438590384253098,0.5897677434356458,0.6205387790543092,0.6189326895156982,0.5613704315311349,0.7058429636631892,0.6478337276365413,1.0000000000000002,0.7455798798686564,0.6734738660264543,0.48863113641542727,0.3710377367730368,0.330788257961741,0.48037868367503095,0.6314053538284387,0.6901879519371782,0.4615711411028467,0.45058835347908116,0.4229350140136952,0.4157613276603217,0.3735374146487219,0.4239875687492552,0.36765372971696303,0.375253526829329,0.4842552701854928,0.43163865797104706,0.42060141729397593,0.4032900002836726,0.40756810412239836,0.5601111034661681,0.627576459735474,0.5098865389077999,0.4619560655418345,0.443028609640629,0.6040145844615943,0.35591402131129174,0.45646947333073756,0.5651687459203414,0.6378663237540388,0.7882987180843113,0.6462617172543417,0.5257781649666071,0.36733728041878344,0.3658317988422384,0.3860022005483569,0.4133591919192734,0.30104374221484137,0.37976883781803383,0.43165551380100436,0.5294011944632511,0.44917150676960343,0.3732431229701986,0.49646121769162666,0.39495832546546195,0.5846777155342779,0.6310693888306207,0.65831225197862,0.7783567517219817,0.5789761976872034,0.47403142187760106,0.6789814581438331,0.5773654144189149,0.4867570074420436
Fragment_11,0.5804906256860043,0.5290866606736548,0.7207848138154906,0.7126938906992866,0.655617613032671,0.6522835688434331,0.6156076703742269,0.5803976157305606,0.6816938789078906,0.6044008158931014,0.7455798798686564,0.9999999999999994,0.6993837074370162,0.5253428389970352,0.4351002829008654,0.390111578337008,0.5896267854565382,0.8280992566413079,0.6910742325367148,0.557750328150729,0.5436971487234286,0.4967582292576682,0.4711527016656809,0.4612422614799036,0.4946145108234501,0.44087077552754805,0.44455524795295304,0.5309901190028694,0.472664297210545,0.49062994726882686,0.48806077533769954,0.47673934139683627,0.6198467592070872,0.6405845710607548,0.5743974751430851,0.5681255242614835,0.5061113207080129,0.7420689351639359,0.4471220762341223,0.5348476163295841,0.5659293462919219,0.6050645151318852,0.7423637719509866,0.6814118762536101,0.5741453657825142,0.44886467492673277,0.43094939253924813,0.4741350343106685,0.4386823324412175,0.40516763269142053,0.4864946311797969,0.4915704849735466,0.5847049691005579,0.509090078917556,0.38817221504978544,0.5277680494869408,0.4572370531885596,0.5844689197651295,0.6202551433974889,0.5185751039809052,0.5373237223944297,0.5905525622179435,0.5349654193997425,0.6554526206645187,0.6105604391866625,0.5253313316725979
Fragment_12,0.5934961254867664,0.5744512677387784,0.6289595192139877,0.6329221961515515,0.6338607673581852,0.6322374076462862,0.6255360510700803,0.4949225595454981,0.6407812882175964,0.6267312930567701,0.6734738660264543,0.6993837074370162,1.0000000000000007,0.5671159229849526,0.4864355743973825,0.4176855801500346,0.530629138005214,0.6349062604584846,0.8755542131450781,0.5778653900215555,0.5769220221064792,0.5091179777040835,0.4860508466088872,0.4841511731507995,0.4710100705853944,0.46169078857591606,0.46786929359109714,0.4873035447179867,0.4547281168449577,0.46396793959457727,0.45586052021491585,0.43801897084744745,0.6139358260657882,0.6233649857665039,0.4789722577208658,0.5119207586564418,0.4889059224106979,0.622204253733062,0.47949781638941463,0.5119632806830448,0.5590570758228358,0.6276012699244418,0.7052566480741856,0.6983148793802949,0.5824006180895532,0.4391019855360669,0.42941627163796453,0.454586873391514,0.4513222411160739,0.4028992441350507,0.4616196598155667,0.47431208724107393,0.5392182292986221,0.47953960505172516,0.371761431245681,0.5343322666838415,0.4670120879946455,0.48978411697277124,0.5808803391035167,0.517834216984954,0.5837779170681169,0.5590392150296352,0.5349336350802393,0.5770547668853167,0.5345248029469876,0.5238296949585772
Fragment_13,0.6486824509601561,0.7159629429187149,0.5438405680702355,0.6118381705086063,0.7029730405726615,0.6803567482448925,0.6173824067249996,0.469927917271503,0.6986998350726801,0.6908431122351569,0.48863113641542727,0.5253428389970352,0.5671159229849526,1.0000000000000004,0.6955220923268368,0.606807152956985,0.6763211314946408,0.3519376549759967,0.48777639009896184,0.6060984875441742,0.5560669162921141,0.7055756674585227,0.6259001789180967,0.71461662469983,0.5371514366651657,0.6122369206798259,0.5014414566089288,0.49380494506670847,0.5905447442037998,0.5287830301498297,0.5059341487098944,0.39983847587605165,0.6876233060521054,0.7014085909239807,0.38730557725358694,0.5001674689249546,0.4446695700116169,0.5555999209320801,0.6413028665440097,0.6214773637152439,0.6206896602564923,0.712726493576253,0.5236535776396238,0.5120538877648046,0.5309237987204354,0.45136324885123114,0.4504357853956757,0.49582050418686247,0.4587042157289466,0.5537311257746514,0.5968228925459351,0.5053784522712269,0.5292013358707328,0.5399101792849206,0.3853985016244892,0.5043759617662898,0.6499658451720078,0.41017075577069845,0.5377759214894249,0.4219699213731935,0.3941784026768404,0.5909183309549413,0.5658648516008936,0.5114439112736486,0.5260284950368423,0.5798579534202046
Fragment_14,0.5818310762256816,0.6691564128821816,0.4651645310726831,0.48844682342430706,0.573737135356178,0.5401148845304535,0.5078533193717917,0.34910943369261915,0.5083723839414568,0.5400307382335893,0.3710377367730368,0.4351002829008654,0.4864355743973825,0.6955220923268368,0.9999999999999996,0.8017410509706846,0.7512931496097941,0.31087951071927605,0.45487616529993996,0.6738922056768558,0.6261934116173904,0.7569324666568051,0.7687402216523402,0.7645516297822861,0.7600879918003743,0.7317038271675889,0.6342378783491878,0.5001417623550513,0.468444334051079,0.4557021031894223,0.4359914708388323,0.4244341688470383,0.5820893289050715,0.595677435015898,0.3947158851785135,0.476952473824685,0.40678657293007636,0.6098978904235596,0.7821347780175482,0.5273020659769411,0.5506341219868758,0.6134407500948141,0.4150556240699744,0.4263519737112549,0.6065615425924131,0.6461125715198093,0.5936533333651062,0.6086269953484721,0.7412857770326252,0.7144731274289694,0.6027165237433398,0.4876402494740997,0.4450780410906319,0.5356799118051069,0.3735753628270199,0.5340817759857425,0.6268842365640455,0.3612510614048822,0.4263408646411918,0.38289371273035955,0.3166575268619648,0.4622359094790636,0.6243741625647042,0.43268032648797555,0.41936684877616554,0.4716903293092444
Fragment_15,0.4802630677543607,0.6130197259277356,0.4026296669675065,0.44516564107066325,0.5123623386552726,0.4890688140227998,0.4441166485769147,0.27234406126851096,0.4444119337477828,0.5146031159229235,0.330788257961741,0.390111578337008,0.4176855801500346,0.606807152956985,0.8017410509706846,1.0000000000000002,0.7493341643456335,0.2622449161493905,0.41457248318018525,0.6331122603051855,0.6689540464589631,0.6988187580745157,0.7620202897873537,0.7060387644465561,0.6841819437836886,0.712437085369328,0.6401211963930039,0.43362726720449857,0.4988680078457768,0.494771254733034,0.4670999660064701,0.3869380114256561,0.5280053242263726,0.5080434975169917,0.3755228799368331,0.4572174679614516,0.39453133409245855,0.546885729078122,0.7160173110233037,0.5080928156748367,0.4792458046529762,0.5280791662008554,0.36061928191210263,0.4105045061362935,0.6419565364193809,0.6822032731673141,0.5992275720781364,0.5396171607711933,0.6009020224246587,0.7876150081747806,0.6299572790874434,0.4934423454007847,0.42316108477135894,0.5089846185189132,0.40621969669406355,0.49044444190699865,0.5616286472743967,0.29328173285603326,0.3181966691617175,0.26753444963628115,0.2614431576440597,0.3976258244030255,0.5561326931879058,0.33314367877885354,0.3746070621809429,0.4238546219960333
Fragment_16,0.6428248161718585,0.6981808400270121,0.5305623566849337,0.5406866239935474,0.5738973863541662,0.5872772765684993,0.5864108561064051,0.45790532320661986,0.554187174586729,0.6083594201831404,0.48037868367503095,0.5896267854565382,0.530629138005214,0.6763211314946408,0.7512931496097941,0.7493341643456335,1.0000000000000002,0.4967362917906974,0.4997393603479237,0.7345123186753694,0.7080113141684655,0.7744887183226233,0.7536567229758144,0.7218437430823266,0.728973183568195,0.7201326371900041,0.6611123304072971,0.5631607063615339,0.524459624753677,0.49779670342293,0.46513610054919075,0.41520885108495137,0.6472871083659324,0.602698609745354,0.44275807502098735,0.5415488499947926,0.4500581718534282,0.7064143736401716,0.7728674990737622,0.6572366514542679,0.5853351481077944,0.6531962827129629,0.5653665208954339,0.5849458606038545,0.7019297715519597,0.6785265558103992,0.6771827819056443,0.647120085963805,0.622103904425651,0.7465645767590783,0.6217091704643299,0.6063286204708365,0.4458554943095443,0.5253177219253027,0.40159424287349926,0.5610529205358581,0.6451585020668428,0.451760163424296,0.5127207401014818,0.4035392058771214,0.39382222825307833,0.5767814635051017,0.7010518129285965,0.5127732232713703,0.5328979465413586,0.5752688042787211
Fragment_17,0.42610390070858695,0.3714743356246428,0.5165878819609083,0.5107475253536079,0.4394902875453952,0.45779695504350204,0.5012961000963281,0.5032041626790911,0.5367438219433017,0.48298423436069987,0.6314053538284387,0.8280992566413079,0.6349062604584846,0.3519376549759967,0.31087951071927605,0.2622449161493905,0.4967362917906974,1.0000000000000007,0.6568707247569944,0.4514066764956609,0.40714549598810024,0.37784880253005,0.3251721197734252,0.29860846951702025,0.4225131002243112,0.33112795279717144,0.3746686517803037,0.49033933255047957,0.3796815735654371,0.38959778379267423,0.39393833690842767,0.397095445106738,0.4660841843026507,0.4800491930283813,0.467585996363378,0.46169615058895486,0.45321317947202505,0.6613251205026061,0.32852381497767574,0.41824854905202064,0.44694263489257313,0.4539835149474121,0.6224600375591411,0.5911098687603284,0.4583814331897732,0.35837316772491157,0.338549476710302,0.3378493996330123,0.36395558156564445,0.30078965708589245,0.35042976105801704,0.3969584063300251,0.44302478373167314,0.4053430070686641,0.3053348696575298,0.4450451237306028,0.33889293302576284,0.4889779559211561,0.4968384478152882,0.4617618250804431,0.4989726830815536,0.5024290843729868,0.4538062476082228,0.5592105180356208,0.5044100986184162,0.43969012605537083
Fragment_18,0.5222001171196246,0.5205312390775556,0.5922335680230968,0.5776921863963801,0.5473705377751835,0.5854062691218135,0.6115190620216959,0.5444192690386328,0.6353494109601635,0.6056952908182954,0.6901879519371782,0.6910742325367148,0.8755542131450781,0.48777639009896184,0.45487616529993996,0.41457248318018525,0.4997393603479237,0.6568707247569944,0.9999999999999996,0.6096270478029331,0.566320568398696,0.5171379337799447,0.4845404965301506,0.4447198352103224,0.5058118724075692,0.4880002778284726,0.5106655470663608,0.5165627515616862,0.45110425709835034,0.502810313894478,0.5035497939518637,0.4592196578890528,0.5668970726649701,0.6011910378842436,0.5394589770752312,0.5312960331666058,0.515568009157654,0.6151162852584529,0.45278994220955815,0.47022179155641597,0.5642585988951399,0.5519554873869917,0.7429318010486989,0.680387919638868,0.5675412119732897,0.4223012387702157,0.44766187149656644,0.4525937495242745,0.4250904398786496,0.4292919481495061,0.5034097612462461,0.5041490281882126,0.605122815822306,0.4688449140442428,0.39981580358171404,0.5784958895374751,0.493354812085367,0.5362772907952796,0.5477003782302339,0.5588589559950846,0.6162135155279922,0.5504240734077553,0.5288629614969805,0.5889177504207532,0.5490062862590843,0.5706442937582991
Fragment_19,0.5900336527124603,0.6484640572612372,0.5214174031994363,0.5631330504848683,0.5828536699648633,0.5837210133167463,0.6072839058703663,0.465226342360523,0.5781440729820227,0.6412169335193529,0.4615711411028467,0.557750328150729,0.5778653900215555,0.6060984875441742,0.6738922056768558,0.6331122603051855,0.7345123186753694,0.4514066764956609,0.6096270478029331,1.0000000000000002,0.7433492236042673,0.6710963976426473,0.7234285000586854,0.6230932933698571,0.7321007554230299,0.7477196495096515,0.62640979157357,0.537322648358773,0.48920229521213165,0.5200403453753918,0.5060276675895765,0.4711547615041931,0.6724756987335971,0.6174681621580821,0.5095140830857896,0.5569641509442298,0.48603207823395594,0.6536014716475075,0.7047494360933713,0.5359731392495509,0.6897831535043021,0.6168289981259868,0.5495197104679131,0.6381031313766771,0.7429336990510842,0.6830747036772022,0.6686572234202434,0.5544068228942868,0.5219106885048874,0.704765364695747,0.6424470354263155,0.614548246996576,0.562206231225105,0.5028071805388863,0.4178924546534439,0.5822140465157098,0.5871397629174184,0.45187971415053046,0.49969810432398715,0.472172498552253,0.4349715854900441,0.600185678802247,0.6429919918295557,0.534739363154413,0.5561050573852662,0.5958339076261313
Fragment_20,0.5686754219784038,0.6731075323857634,0.5267833410450593,0.5820665721760024,0.5915937373758073,0.5594010217095401,0.5922007060990696,0.4690352520271803,0.5311985899672419,0.5841581623291131,0.45058835347908116,0.5436971487234286,0.5769220221064792,0.5560669162921141,0.6261934116173904,0.6689540464589631,0.7080113141684655,0.40714549598810024,0.566320568398696,0.7433492236042673,0.9999999999999994,0.709644102366188,0.7014224526644888,0.5988149072757543,0.6965379221175846,0.6897012305992553,0.6699222816959951,0.5778012807304542,0.5144415178601467,0.5422193491123972,0.5363078309304053,0.5053141181048112,0.634475060505023,0.5671783861164369,0.4865438572465393,0.5803795459885956,0.5367328767762285,0.6330514887738427,0.7485735596671288,0.6295074804053861,0.6166674954394227,0.5707555972283107,0.5266301905507571,0.6000842107299541,0.7437403488662193,0.6750986849911107,0.692963343105823,0.6262802076447083,0.5416110720414549,0.7073334092644395,0.6682975284098097,0.667318452836095,0.540873348322165,0.5345555971484635,0.42642684047118673,0.5862833380374911,0.582468771157987,0.472670746643667,0.4439012558098008,0.4459484340865968,0.40793552291075613,0.5748333630960255,0.6590034004940452,0.4993341162614824,0.555912209945116,0.6001991480851832
Fragment_21,0.6210833347447364,0.698148642804141,0.5282943271421257,0.4920879993998171,0.5619583809214843,0.571920458139539,0.5565496514680279,0.47412540808239517,0.5771287607745794,0.5980425382645161,0.4229350140136952,0.4967582292576682,0.5091179777040835,0.7055756674585227,0.7569324666568051,0.6988187580745157,0.7744887183226233,0.37784880253005,0.5171379337799447,0.6710963976426473,0.709644102366188,1.0000000000000007,0.8478002047747953,0.7737152265817907,0.7551945782514018,0.8324194972669428,0.8323265968917357,0.6616920602362862,0.547960723286566,0.5256740057694742,0.5195929781690798,0.4481060675371798,0.5972452811957137,0.5956603036308254,0.46690009262403437,0.5371010500148066,0.48719342738570537,0.6151644138072218,0.7661758302634992,0.6192649296328837,0.6229011893970489,0.5905571810750125,0.5109064976776962,0.5459164603710221,0.606081662078235,0.5038926454584932,0.5782777287135038,0.7147907755765286,0.6755306178234959,0.6876261585959593,0.647069594336204,0.6107283213183784,0.4991491617659387,0.5287916392128733,0.43707799125631724,0.6073145011595822,0.6929884370938596,0.48851581949131445,0.5191933054782638,0.4282593724784922,0.3767108249002298,0.6002474334815959,0.7195413269895437,0.5204040253089536,0.5429271964331386,0.6095317852412008
Fragment_22,0.5792926631663208,0.6640697634191729,0.49582202524355173,0.4835902811327024,0.5453097442780884,0.5941524847138553,0.5307772203119362,0.34994485042959644,0.5267529327555502,0.5846995217365143,0.4157613276603217,0.4711527016656809,0.4860508466088872,0.6259001789180967,0.7687402216523402,0.7620202897873537,0.7536567229758144,0.3251721197734252,0.4845404965301506,0.7234285000586854,0.7014224526644888,0.8478002047747953,0.9999999999999993,0.7403084299670157,0.7611130620534445,0.8734647773068499,0.7994619643329632,0.5494855345642401,0.48163557529445833,0.4868087768339716,0.46542956171387007,0.4186103326780715,0.5930474889770864,0.576164902807376,0.4236395211759251,0.483566771241316,0.41599792825115023,0.609051568662727,0.7536289128836307,0.5152880914313696,0.5790199243349016,0.5797270497853566,0.4739253370463431,0.5129166385813114,0.6469799294694208,0.5969688207219543,0.5830263194022136,0.6391327189582663,0.6431729585778486,0.7904142616144859,0.6778843240503368,0.5345575778559893,0.4717303759560123,0.4996067520942927,0.3815333681840605,0.5803500373475566,0.6310917257176926,0.38902635903958593,0.41866752284216563,0.3565365829313184,0.3359998754172157,0.49995447366949985,0.6535135991097948,0.43720670582284904,0.4484324068834503,0.4951041010935072
Fragment_23,0.6071339817303061,0.67989212684863,0.48420570600086166,0.4710991650852238,0.567115786845743,0.5530041851383464,0.5058314582721469,0.37904897979475943,0.5708774348518346,0.579898055981679,0.3735374146487219,0.4612422614799036,0.4841511731507995,0.71461662469983,0.7645516297822861,0.7060387644465561,0.7218437430823266,0.29860846951702025,0.4447198352103224,0.6230932933698571,0.5988149072757543,0.7737152265817907,0.7403084299670157,0.9999999999999997,0.7073552125620413,0.6924776392211063,0.6772033481208934,0.5126350321365137,0.5131609619441109,0.4920306437469385,0.4711297631919219,0.43606543343391546,0.5804463709615586,0.5796636906644916,0.5192058269251546,0.5517839823251963,0.43619207795295295,0.6030504866324629,0.6705048584213442,0.567735004894946,0.5840269229489344,0.5921470658463039,0.38868207372580943,0.4796275581044612,0.5845336549593084,0.5446753944238747,0.5359926720778078,0.6530265188957335,0.6639241066896265,0.6741027773991468,0.6173179858129781,0.5472376335165583,0.4409001256521618,0.4947849899097695,0.39041905163243423,0.5220666843724061,0.6357517781548827,0.3792701637424786,0.46398985707310336,0.3862524741958349,0.32883620475982345,0.48628734590811434,0.6286278052306483,0.4441503226635978,0.4351540777886176,0.5057011028814665
Fragment_24,0.5751487187953666,0.5977949145976537,0.4927328286039604,0.47871876890091175,0.4934861969771897,0.49614395668940153,0.5271087339345306,0.4129735534903877,0.5053264117580707,0.5312649949387865,0.4239875687492552,0.4946145108234501,0.4710100705853944,0.5371514366651657,0.7600879918003743,0.6841819437836886,0.728973183568195,0.4225131002243112,0.5058118724075692,0.7321007554230299,0.6965379221175846,0.7551945782514018,0.7611130620534445,0.7073552125620413,1.0,0.816543491810904,0.7452459237309984,0.5763367642772943,0.43856400492074477,0.43474613434253906,0.4243738205726091,0.43464824628977317,0.5675737896660845,0.5197121614957941,0.49021057020612036,0.5193451680205159,0.42956259982948863,0.6769422160084158,0.7602404436907212,0.5094719702020667,0.590272396327121,0.5765020840939414,0.4861516207829602,0.530496240051129,0.6577945343323758,0.6254580159302897,0.614508927552432,0.660503974336845,0.7194718861789324,0.7075371198609373,0.5992449026813975,0.5500738302467261,0.444363422019546,0.49835412124435613,0.3995554359508964,0.5880376223761089,0.6351772050306983,0.4438977096320889,0.42890862496099524,0.44301969039727856,0.39671565214829624,0.5213331087748033,0.6841469031057025,0.5042229889934368,0.5135871084451967,0.5003108866123079
Fragment_25,0.5375075711911986,0.6441947208200448,0.4274232123380713,0.42343531898386294,0.4774398797536921,0.5392164692779461,0.5385582406367921,0.3532495647178568,0.4816363035625727,0.5407516564685814,0.36765372971696303,0.44087077552754805,0.46169078857591606,0.6122369206798259,0.7317038271675889,0.712437085369328,0.7201326371900041,0.33112795279717144,0.4880002778284726,0.7477196495096515,0.6897012305992553,0.8324194972669428,0.8734647773068499,0.6924776392211063,0.816543491810904,1.0,0.8367377723725121,0.5445754349307113,0.46537832693821257,0.4847049642454162,0.4682039107841929,0.38452441975236407,0.5791819974584212,0.5550020455123228,0.39599134584650275,0.4543187213646961,0.414345330500427,0.5799813734800217,0.7578459445412996,0.48792683482621674,0.5626255100054176,0.5279697270408407,0.4401352175615118,0.5014042172560865,0.5970297132905192,0.5320007941861745,0.5805297010122882,0.6172299207022848,0.6173377994401001,0.7820528061857903,0.6853112547512834,0.5296175942987797,0.45628561729797457,0.46890222748134636,0.3818644876306787,0.5638579233934711,0.6627583656917087,0.3739791035475738,0.3720728635478377,0.3468943671376366,0.33065335492524706,0.5022965563997189,0.6422418474600412,0.40769798886936087,0.4429054285102592,0.5204026510831704
Fragment_26,0.5221423352718346,0.5929459561915805,0.4411035222930585,0.3787792447584118,0.42256910560259,0.47480371607643634,0.4789596605859505,0.3793456019527567,0.48136550069001893,0.5204537417956803,0.375253526829329,0.44455524795295304,0.46786929359109714,0.5014414566089288,0.6342378783491878,0.6401211963930039,0.6611123304072971,0.3746686517803037,0.5106655470663608,0.62640979157357,0.6699222816959951,0.8323265968917357,0.7994619643329632,0.6772033481208934,0.7452459237309984,0.8367377723725121,1.0000000000000013,0.6491677983277058,0.48210412447921636,0.4937988944795822,0.49725176116240616,0.40841923132742697,0.5193170343264779,0.48409212947126223,0.44977835621555196,0.4993349966488392,0.487378650390655,0.5704619612595493,0.669255551312899,0.4946737107741851,0.5525994505186986,0.46149898127063516,0.45339067813541584,0.5248184378809118,0.5756451256268899,0.45456663563826594,0.5655668746408742,0.6798552646437507,0.6309279404709449,0.7291580621522062,0.6724299622268723,0.5848371442933893,0.4545728710057706,0.46086203947959226,0.41437945073592236,0.5569050752466301,0.5982704803706684,0.4219795452516413,0.39674832363674617,0.37305919638121515,0.3489535167432873,0.5227041157666003,0.6549000118719994,0.4321557701801092,0.4674734459923095,0.545593364155563
Fragment_27,0.5268993355907823,0.5916897863734206,0.5216491278703453,0.4761007093256834,0.4553631535722966,0.4558181363549286,0.5374005211217258,0.5322760153440511,0.5632057622125076,0.5818351695859821,0.4842552701854928,0.5309901190028694,0.4873035447179867,0.49380494506670847,0.5001417623550513,0.43362726720449857,0.5631607063615339,0.49033933255047957,0.5165627515616862,0.537322648358773,0.5778012807304542,0.6616920602362862,0.5494855345642401,0.5126350321365137,0.5763367642772943,0.5445754349307113,0.6491677983277058,1.000000000000001,0.6875521360033688,0.6083648874485492,0.623541500678485,0.6136046544532917,0.5620227169375202,0.44875168151074263,0.5496809729334948,0.6852183203985137,0.6862126463213178,0.6116538752425049,0.566345747135407,0.6632995481597898,0.5709494380578637,0.497508688793051,0.5149041272928011,0.5668132557367709,0.5697004041473398,0.4207243679045579,0.5349117583651694,0.6304386251268917,0.5536957132629667,0.45919083884213,0.5340056338382752,0.6317525386951541,0.5299249078886966,0.6330498747340213,0.5497174776065644,0.591305142532519,0.48404433931468765,0.5404377610564116,0.5317074714690374,0.4733484000673636,0.40324628077868996,0.6320793039676523,0.5995732288953246,0.5568055617153992,0.5947741329538015,0.6022874549026124
Fragment_28,0.5129143261550987,0.6751703321187076,0.4418025163387223,0.4605549556953708,0.4618964205332234,0.48729435773364554,0.5625992698033018,0.45903603415678795,0.5571572228660477,0.5909020372568011,0.43163865797104706,0.472664297210545,0.4547281168449577,0.5905447442037998,0.468444334051079,0.4988680078457768,0.524459624753677,0.3796815735654371,0.45110425709835034,0.48920229521213165,0.5144415178601467,0.547960723286566,0.48163557529445833,0.5131609619441109,0.43856400492074477,0.46537832693821257,0.48210412447921636,0.6875521360033688,0.9999999999999988,0.8192788698616121,0.7678127762900404,0.6775921915978889,0.6144010102061109,0.5072755905668017,0.5499390854381017,0.7527940068800367,0.7119579330522813,0.5374682714124254,0.5536469303480316,0.7536130729965792,0.5316752148986339,0.5616711861881561,0.45561650966836653,0.5285931976617442,0.5651092633494902,0.41686598338349445,0.4537074816018647,0.5047945270084551,0.3950514127693433,0.45989420816806625,0.6064924293461309,0.6028690790022635,0.5692833536170095,0.766796263394352,0.6245364598226283,0.5892297977944002,0.4807892007560896,0.4337468699370202,0.4264260658682082,0.3943313223996862,0.3686300313337838,0.5532129293244886,0.5106577034368615,0.4707175429391138,0.4980634118758093,0.555968410239006
Fragment_29,0.4473672088007148,0.5960701589949797,0.4160331581351308,0.4448560600454354,0.42917683354629566,0.47047040914875454,0.5408204337768971,0.4418881791506515,0.5098884161718579,0.5186396131903807,0.42060141729397593,0.49062994726882686,0.46396793959457727,0.5287830301498297,0.4557021031894223,0.494771254733034,0.49779670342293,0.38959778379267423,0.502810313894478,0.5200403453753918,0.5422193491123972,0.5256740057694742,0.4868087768339716,0.4920306437469385,0.43474613434253906,0.4847049642454162,0.4937988944795822,0.6083648874485492,0.8192788698616121,1.0000000000000004,0.9076401141343831,0.7647984402120723,0.5862026243292761,0.4863159659793906,0.6159896781481732,0.8013957229902237,0.7664216367866047,0.5490852812204874,0.5193770442368454,0.6942003074551977,0.5443544191767801,0.5211301571155545,0.4689734100576329,0.5561189241999892,0.5823691141369068,0.42345822447431136,0.48476558353168797,0.4630666732497275,0.3641098889201458,0.5054864244451057,0.7062865943850544,0.6461950962821201,0.7028549413503994,0.820290927193712,0.7233454352626939,0.6786826745571887,0.47336976049941004,0.4220452547381909,0.37715236623855886,0.3838711358387032,0.36215962126987017,0.5160744136677345,0.4694744470591597,0.4314640154792678,0.46726913908219614,0.532040214263271
